#          time          totkin
              0      1973.83621
            0.2       5575.6354
            0.4      3611.14813
            0.6      2679.53679
            0.8      2148.64265
              1      1880.86361
            1.2      1702.44937
            1.4      1620.10272
            1.6      1629.54913
            1.8      1661.52584
              2      1618.03268
            2.2      1645.47018
            2.4      1615.17435
            2.6      1731.86895
            2.8      1702.99812
              3      1706.70603
            3.2      1789.03724
            3.4       1745.6584
            3.6       1778.1349
            3.8      1836.69437
              4      1746.49337
            4.2      1661.50139
            4.4      1765.54402
            4.6      1770.47443
            4.8       1879.0499
              5      1763.65606
            5.2      1760.33958
            5.4      1787.42025
            5.6      1806.25275
            5.8      1768.13555
              6      1857.64226
            6.2      1847.04341
            6.4      1852.09216
            6.6      1721.89056
            6.8      1659.11432
              7      1746.35299
            7.2      1808.98072
            7.4      1926.11651
            7.6       1918.8336
            7.8       1826.0973
              8       1833.3304
            8.2      1875.04256
            8.4      1880.63518
            8.6      1848.91575
            8.8      1791.02268
              9      1795.15996
            9.2      1847.91249
            9.4      1819.84516
            9.6      1850.49307
            9.8      1753.90258
             10      1773.22361
           10.2      1809.85614
           10.4      1685.60824
           10.6       1761.6055
           10.8       1725.9083
             11      1791.25834
           11.2      2001.38946
           11.4      1826.46005
           11.6      1860.27921
           11.8      1914.66553
             12      1800.58601
           12.2      1800.80927
           12.4      1844.67226
           12.6       1876.2303
           12.8      1794.56895
             13      1762.48022
           13.2      1807.76461
           13.4      1834.88511
           13.6      1761.46778
           13.8      1763.23644
             14      1837.40097
           14.2      1648.33378
           14.4      1779.55526
           14.6      1887.39044
           14.8      1814.41535
             15       1812.4081
           15.2      1784.41692
           15.4      1759.16493
           15.6      1725.19803
           15.8      1772.78422
             16      1809.87355
           16.2      1820.98987
           16.4      1845.76649
           16.6      1854.07088
           16.8      2006.12506
             17      1977.17942
           17.2      1914.71597
           17.4      1884.75313
           17.6      1946.27743
           17.8      1931.97552
             18        1891.575
           18.2      1878.91859
           18.4      1810.69405
           18.6      1798.42469
           18.8      1858.10291
             19      1877.56729
           19.2      1834.08062
           19.4      1862.82915
           19.6      1953.59874
           19.8      1964.41981
             20      1823.85636
           20.2      2920.79071
           20.4      3294.01788
           20.6      3469.88689
           20.8      3242.38993
             21      3315.36112
           21.2       3267.9865
           21.4      3251.89769
           21.6      3203.85257
           21.8      3233.91865
             22      3131.55547
           22.2      3210.50497
           22.4      3242.43785
           22.6      3227.44696
           22.8      3240.23931
             23      3257.02125
           23.2      3245.95717
           23.4      3272.26299
           23.6      3260.87112
           23.8       3189.9422
             24      3267.18578
           24.2      3191.32182
           24.4      3107.13336
           24.6      3155.99642
           24.8      3084.73562
             25      3214.00909
           25.2      3127.71421
           25.4      3218.77058
           25.6      3144.77239
           25.8      3154.36937
             26      3104.65167
           26.2      3040.49262
           26.4      3058.65019
           26.6      3108.49284
           26.8      3118.60534
             27      3093.58884
           27.2       3151.0191
           27.4      3172.90583
           27.6       3108.5006
           27.8      3166.91593
             28      3186.05072
           28.2      3234.23018
           28.4      3204.47115
           28.6      3151.91776
           28.8      3136.38031
             29      3170.30733
           29.2      3148.70273
           29.4      3156.48752
           29.6      3087.55586
           29.8      3160.59411
             30      3176.16922
           30.2      3097.92296
           30.4      3080.09853
           30.6      3172.82471
           30.8      3219.47338
             31      3129.00434
           31.2       3171.7825
           31.4       3133.6672
           31.6      3195.26617
           31.8      3146.61902
             32       3138.4509
           32.2      3195.05852
           32.4      3242.33214
           32.6      3193.18775
           32.8      3247.46058
             33      3177.19628
           33.2      3127.11547
           33.4      3093.56444
           33.6      3079.34137
           33.8      3103.15366
             34      3128.00775
           34.2      3085.92544
           34.4      3047.55138
           34.6      3145.37031
           34.8      3129.71688
             35      3166.37223
           35.2      3160.18169
           35.4      3125.22062
           35.6      3167.10601
           35.8      3088.84424
             36      3163.03509
           36.2      3250.19655
           36.4      3133.08971
           36.6      3207.31484
           36.8      3175.15676
             37       3110.4884
           37.2      3227.79498
           37.4      3224.06113
           37.6      3186.58259
           37.8      3145.26202
             38      3091.37607
           38.2      3179.98031
           38.4      3088.27273
           38.6      3097.06422
           38.8      3152.20177
             39      3190.73527
           39.2       3117.1226
           39.4      3194.07649
           39.6      3147.61437
           39.8      3176.09091
             40      3273.82834
           40.2      4036.17082
           40.4      4623.55433
           40.6      4636.18045
           40.8       4712.5403
             41      4726.57024
           41.2      4751.90513
           41.4      4738.78161
           41.6      4667.39853
           41.8      4665.40888
             42      4674.20993
           42.2      4605.31299
           42.4       4690.6428
           42.6      4682.54697
           42.8      4712.78774
             43      4866.30686
           43.2       5013.5847
           43.4      4816.20358
           43.6      5142.96663
           43.8      5021.04236
             44      4995.15752
           44.2      5143.56439
           44.4      4819.53164
           44.6       4928.2399
           44.8      5357.61736
             45       4832.4543
           45.2      5264.64003
           45.4      5143.29275
           45.6      4842.62527
           45.8      4740.29462
             46      4695.75681
           46.2      4592.38191
           46.4      4721.41356
           46.6      4742.01194
           46.8       4710.9371
             47      4573.12373
           47.2      4657.94853
           47.4      4598.67986
           47.6      4627.28633
           47.8      4733.46712
             48      4589.05747
           48.2      4696.57939
           48.4      4598.91139
           48.6      4725.86517
           48.8      4727.03022
             49      4784.45867
           49.2      4628.45432
           49.4      4615.27237
           49.6      4616.97007
           49.8      4571.04283
             50      4775.07593
           50.2      4616.15976
           50.4      4696.08016
           50.6       4560.5992
           50.8      4577.52699
             51      4690.09387
           51.2      4609.29176
           51.4      4607.90368
           51.6      4656.01105
           51.8      4638.80936
             52      4608.28556
           52.2      4639.78897
           52.4      4707.41305
           52.6      4715.08853
           52.8      4731.01148
             53      4616.87424
           53.2       4604.2515
           53.4      4571.76282
           53.6      4626.51437
           53.8      4761.33181
             54      4834.86268
           54.2      4761.64496
           54.4      4686.88741
           54.6      4490.65847
           54.8      4669.90385
             55      4741.68373
           55.2      4651.78577
           55.4      4852.43609
           55.6      4803.45153
           55.8      4685.73301
             56       4599.8329
           56.2      4756.79756
           56.4      4739.26864
           56.6      4684.80455
           56.8      4737.90295
             57      4794.77734
           57.2      4744.87513
           57.4      4743.35861
           57.6      4709.82384
           57.8      4680.25767
             58      4774.89254
           58.2      4749.32564
           58.4       4605.6132
           58.6      4742.35053
           58.8      4664.18295
             59      4620.28936
           59.2      4734.55206
           59.4       4676.4096
           59.6      4657.98636
           59.8      4869.76429
             60      4865.88757
           60.2      5755.25138
           60.4      6092.55688
           60.6      6227.96842
           60.8      6242.56676
             61      6156.96422
           61.2      6066.98006
           61.4      6129.55552
           61.6      6065.62386
           61.8      6244.42783
             62      6186.27099
           62.2      6212.15611
           62.4      6323.53418
           62.6      6205.97255
           62.8      6312.93921
             63      6311.41382
           63.2      6136.03627
           63.4      6479.03907
           63.6      6235.14314
           63.8        6485.168
             64      6240.85242
           64.2      6381.43789
           64.4      6189.68928
           64.6      6096.99206
           64.8       6206.7952
             65      6105.61492
           65.2      6184.39073
           65.4      6132.24482
           65.6       6160.1747
           65.8      6146.42284
             66      6276.07564
           66.2      6181.79068
           66.4      6177.52242
           66.6      6064.21636
           66.8      6288.24726
             67      6228.97712
           67.2      6173.43101
           67.4       6271.1024
           67.6      6192.73012
           67.8      6196.04231
             68       6338.7793
           68.2      6200.21977
           68.4      6345.80058
           68.6      6338.00617
           68.8      6232.93043
             69       5981.0052
           69.2       6078.8543
           69.4      6065.09534
           69.6      6135.94068
           69.8      6254.57271
             70      6121.74989
           70.2      6163.11317
           70.4      6319.34049
           70.6       6245.3622
           70.8       6437.5663
             71      6181.06211
           71.2      6153.39623
           71.4      6234.05726
           71.6       6173.0464
           71.8      6194.74552
             72      6191.92425
           72.2      6220.69437
           72.4      6136.38689
           72.6      6215.03301
           72.8      6155.42712
             73      6087.85921
           73.2      6091.41233
           73.4      6248.92934
           73.6      6125.73808
           73.8      6074.16449
             74      6087.93934
           74.2      6046.21086
           74.4      6407.89283
           74.6      6074.78135
           74.8      6111.09009
             75      6140.21956
           75.2      6158.43703
           75.4      6189.32921
           75.6      6135.91412
           75.8      6168.84115
             76      6135.57689
           76.2      6061.64935
           76.4      6145.24438
           76.6      6198.69876
           76.8      6133.04666
             77      6094.59223
           77.2      6093.34112
           77.4      6289.51196
           77.6      6050.78003
           77.8       6120.1196
             78      6273.49697
           78.2      6014.25556
           78.4      5972.90332
           78.6      6129.70576
           78.8      6111.09086
             79      6384.85685
           79.2      6362.94786
           79.4      6388.36165
           79.6      6421.58983
           79.8      6108.75639
             80      6371.02715
           80.2       7199.2563
           80.4      7356.65776
           80.6      7582.82908
           80.8      7684.54765
             81      7658.14786
           81.2      7682.44089
           81.4      7635.30733
           81.6      7471.11585
           81.8        7508.244
             82      7495.74221
           82.2        7578.332
           82.4      7447.83006
           82.6      7614.56304
           82.8       7674.7023
             83      7824.54863
           83.2      7531.79712
           83.4      7742.03432
           83.6      7622.06577
           83.8      7594.41426
             84      7791.55674
           84.2       7622.2846
           84.4      7484.64516
           84.6      7667.74493
           84.8      7701.87712
             85      7725.40959
           85.2      7808.94561
           85.4      7661.76961
           85.6      7782.60671
           85.8      7497.76321
             86      7575.50525
           86.2      7794.64339
           86.4      7632.85572
           86.6      7443.12794
           86.8      7363.60217
             87      7584.68882
           87.2      7706.39938
           87.4      7819.21198
           87.6      7620.93339
           87.8      7685.80683
             88       7580.9922
           88.2      7623.89864
           88.4      7999.71205
           88.6      7738.75164
           88.8       7767.3773
             89      7814.15747
           89.2      7678.32777
           89.4      7716.01335
           89.6      7759.86754
           89.8      7694.78893
             90      7614.87344
           90.2      7793.19601
           90.4      7600.35311
           90.6      7726.71525
           90.8      7647.36735
             91      7640.31885
           91.2      7749.62584
           91.4      7657.55815
           91.6      7585.69092
           91.8      7742.00355
             92      7601.38216
           92.2      7670.55218
           92.4      7717.16053
           92.6      7412.20693
           92.8      7580.70425
             93      8047.01681
           93.2      7737.22816
           93.4      7655.14339
           93.6      7811.77856
           93.8       7677.2603
             94      7628.91286
           94.2      7493.16134
           94.4      7620.67917
           94.6       7478.7608
           94.8      7608.09466
             95      7903.23791
           95.2      7651.38655
           95.4      7734.30981
           95.6      7575.15402
           95.8      7793.63233
             96      7922.35359
           96.2      7739.46747
           96.4      7659.92964
           96.6      8045.62594
           96.8      7953.36118
             97      7818.46784
           97.2      7582.41689
           97.4      7730.82069
           97.6      7478.68925
           97.8      7440.57844
             98      7721.48196
           98.2      7640.14023
           98.4      7536.94433
           98.6      7787.97564
           98.8      7570.43875
             99       7690.7627
           99.2       7637.6054
           99.4      7608.58707
           99.6      7528.99335
           99.8      7503.34468
